%YAML:1.0
size: [ 4160, 2340 ]
M: !!opencv-matrix
   rows: 3
   cols: 3
   dt: d
   data: [ 3.8276974384798646e+03, 0., 1.9853702448932438e+03, 0.,
       3.8190749048220082e+03, 1.1384009276934596e+03, 0., 0., 1. ]
d: !!opencv-matrix
   rows: 1
   cols: 5
   dt: d
   data: [ 1.5578410883976498e-01, -3.8635129572257815e-01,
       -3.7333319003889435e-05, -2.5120930627753261e-03,
       2.3590519058967990e-03 ]
