%YAML:1.0
size: [ 1280, 720 ]
Ml: !!opencv-matrix
   rows: 3
   cols: 3
   dt: d
   data: [ 6.9796063172427216e+02, 0., 6.5183400605032796e+02, 0.,
       6.9694585812423065e+02, 3.6371228952203666e+02, 0., 0., 1. ]
dl: !!opencv-matrix
   rows: 1
   cols: 5
   dt: d
   data: [ -1.6410464040445183e-01, -2.3134386784106680e-03,
       1.2839236447310115e-04, -3.3224749762984914e-04,
       2.1163340451462603e-02 ]
Mr: !!opencv-matrix
   rows: 3
   cols: 3
   dt: d
   data: [ 6.9785988348243654e+02, 0., 6.4342145283266473e+02, 0.,
       6.9650787296469673e+02, 3.4053456606255844e+02, 0., 0., 1. ]
dr: !!opencv-matrix
   rows: 1
   cols: 5
   dt: d
   data: [ -1.5171022386605523e-01, -5.0767576782687202e-02,
       6.1239911309593736e-04, 1.1968294236702401e-04,
       8.2284119669335604e-02 ]
om: !!opencv-matrix
   rows: 3
   cols: 1
   dt: d
   data: [ 3.3875674365449002e-03, 8.0558590345279887e-05,
       -1.3299950909718069e-04 ]
T: !!opencv-matrix
   rows: 3
   cols: 1
   dt: d
   data: [ -1.1971521863001908e+02, 1.4852490266078328e-01,
       -2.0249046422956738e+00 ]
