%YAML:1.0
Ml: !!opencv-matrix
   rows: 3
   cols: 3
   dt: d
   data: [441.49315743991735, 0.0, 311.8860665146962, 0.0, 441.4453635042227, 258.0795594924189, 0.0, 0.0, 1.0]
dl: !!opencv-matrix
   rows: 14
   cols: 1
   dt: d
   data: [-0.41552306741918743, 0.23789477413534774, 0.0, 0.0, 0.0, 0.0, 0.0, 0.11492551229029034, 0.0, 0.0, 0.0, 0.0, 0.0, 0.0]
Mr: !!opencv-matrix
   rows: 3
   cols: 3
   dt: d
   data: [438.0794511377248, 0.0, 325.59031560133997, 0.0, 438.0949816291173, 239.77272305674126, 0.0, 0.0, 1.0]
dr: !!opencv-matrix
   rows: 14
   cols: 1
   dt: d
   data: [-0.4170607386759723, 0.24810254893456932, 0.0, 0.0, 0.0, 0.0, 0.0, 0.12795828511044743, 0.0, 0.0, 0.0, 0.0, 0.0, 0.0]
R: !!opencv-matrix
   rows: 3
   cols: 3
   dt: d
   data: [0.9996309792108017, 6.710196417169674e-05, 0.027164331381060967, -0.00012980875660857205, 0.9999973312147358, 0.0023066670962304746, -0.027164104103400817, -0.002309342056198885, 0.9996283201207972]
T: !!opencv-matrix
   rows: 3
   cols: 1
   dt: d
   data: [-59.96968723716628, 3.3563220509457135, -1.6319551296745483]
