%YAML:1.0
Ml: !!opencv-matrix
   rows: 3
   cols: 3
   dt: d
   data: [438.6708011748776, 0.0, 311.2460211364349, 0.0, 439.52858499732287, 264.2480259454152, 0.0, 0.0, 1.0]
dl: !!opencv-matrix
   rows: 12
   cols: 1
   dt: d
   data: [-0.4031726233199502, 0.2127892600819969, 0.0, 0.0, 0.0, 0.0, 0.0, 0.0914736228420204, 0.0, 0.0, 0.0, 0.0]
Mr: !!opencv-matrix
   rows: 3
   cols: 3
   dt: d
   data: [435.7611999664106, 0.0, 324.9581945483163, 0.0, 436.74565449432737, 241.90821455976305, 0.0, 0.0, 1.0]
dr: !!opencv-matrix
   rows: 12
   cols: 1
   dt: d
   data: [-0.4059706312464767, 0.2219188511336508, 0.0, 0.0, 0.0, 0.0, 0.0, 0.0995154739820435, 0.0, 0.0, 0.0, 0.0]
R: !!opencv-matrix
   rows: 3
   cols: 3
   dt: d
   data: [0.9999985282880534, -0.0006083881490595911, -0.0016041463734569382, 0.0006221218623109971, 0.9999630419441445, 0.008574830039210678, 0.0015988702623496063, -0.008575815394060146, 0.9999619487781578]
T: !!opencv-matrix
   rows: 3
   cols: 1
   dt: d
   data: [-49.95585067581528, 0.7924170907824346, -1.3298043338110812]
