%YAML:1.0
size: [ 640, 480 ]
Ml: !!opencv-matrix
   rows: 3
   cols: 3
   dt: d
   data: [ 4.3981346539328882e+02, 0., 3.1163373193904499e+02, 0.,
       4.3902841495523529e+02, 2.5976967004743443e+02, 0., 0., 1. ]
dl: !!opencv-matrix
   rows: 1
   cols: 14
   dt: d
   data: [ -4.4446805163442971e+00, 4.4924058332707357e+00,
       4.0941708900206914e-04, -2.5776783989418046e-04,
       1.0334143077120461e+00, -4.0304051740291467e+00,
       2.5712453126989203e+00, 3.2639871661985973e+00, 0., 0., 0., 0.,
       0., 0. ]
Mr: !!opencv-matrix
   rows: 3
   cols: 3
   dt: d
   data: [ 4.3823407790293504e+02, 0., 3.2433549539276169e+02, 0.,
       4.3725220631140598e+02, 2.4297815340687723e+02, 0., 0., 1. ]
dr: !!opencv-matrix
   rows: 1
   cols: 14
   dt: d
   data: [ -2.7234948400291934e+00, 2.3841738309159952e+00,
       -5.3215452743040389e-04, 3.1075362317165348e-04,
       5.1939089353355850e-01, -2.3086522901948521e+00,
       1.1781881810984636e+00, 1.7251088271759838e+00, 0., 0., 0., 0.,
       0., 0. ]
om: !!opencv-matrix
   rows: 3
   cols: 1
   dt: d
   data: [ -2.5496326629438275e-03, 1.3688045141382313e-02,
       -2.8030102978242674e-04 ]
T: !!opencv-matrix
   rows: 3
   cols: 1
   dt: d
   data: [ -4.9251804941230567e+01, 5.6613108192812726e-02,
       1.9072197373270969e-01 ]
