%YAML:1.0
Ml: !!opencv-matrix
   rows: 3
   cols: 3
   dt: d
   data: [438.460827303187, 0.0, 311.2714168101613, 0.0, 439.3341409040218, 264.2561463183497, 0.0, 0.0, 1.0]
dl: !!opencv-matrix
   rows: 1
   cols: 8
   dt: d
   data: [-0.4016119200180057, 0.2092847594350418, 0.0, 0.0, 0.0, 0.0, 0.0, 0.0885482410610987]
Mr: !!opencv-matrix
   rows: 3
   cols: 3
   dt: d
   data: [435.59182946198183, 0.0, 324.937591645201, 0.0, 436.5877757708027, 241.93503919110475, 0.0, 0.0, 1.0]
dr: !!opencv-matrix
   rows: 1
   cols: 8
   dt: d
   data: [-0.404473444749401, 0.2184081744967206, 0.0, 0.0, 0.0, 0.0, 0.0, 0.0964800315730006]
R: !!opencv-matrix
   rows: 3
   cols: 3
   dt: d
   data: [0.9999986567384623, -0.0006114876088922887, -0.0015207248847338081, 0.0006244702370115386, 0.9999632414598145, 0.008551360482619428, 0.0015154399341327307, -0.008552298643334996, 0.9999622801034653]
T: !!opencv-matrix
   rows: 3
   cols: 1
   dt: d
   data: [-49.948903789466605, 0.7862496072307913, -1.3042212464148906]
