%YAML:1.0
size: [ 640, 480 ]
Ml: !!opencv-matrix
   rows: 3
   cols: 3
   dt: d
   data: [ 4.3930226032999792e+02, 0., 3.1436171254421538e+02, 0.,
       4.3843660002121726e+02, 2.5891587866348073e+02, 0., 0., 1. ]
dl: !!opencv-matrix
   rows: 1
   cols: 14
   dt: d
   data: [ -5.9284536395391774e+00, 8.7347062049212152e+00,
       7.0441573214472615e-04, -6.2142039564325256e-04,
       1.9777999333385949e+00, -5.5131884175318371e+00,
       6.1904440102793563e+00, 6.1099162047613662e+00, 0., 0., 0., 0.,
       0., 0. ]
Mr: !!opencv-matrix
   rows: 3
   cols: 3
   dt: d
   data: [ 4.3823226951550112e+02, 0., 3.2662847371574082e+02, 0.,
       4.3723831576793509e+02, 2.4293169496561111e+02, 0., 0., 1. ]
dr: !!opencv-matrix
   rows: 1
   cols: 14
   dt: d
   data: [ 1.0133616893349719e+00, -4.3327822164672956e+00,
       -4.2243537085644877e-04, -2.9811642453174533e-04,
       -6.3919432696829670e-01, 1.4361229650181362e+00,
       -4.0414627467687927e+00, -2.3920663577791017e+00, 0., 0., 0., 0.,
       0., 0. ]
R: !!opencv-matrix
   rows: 3
   cols: 3
   dt: d
   data: [ 9.9993349973101520e-01, -5.0072348925727327e-04,
       1.1521518635632486e-02, 4.9328535420256842e-04,
       9.9999966811107488e-01, 6.4841907695771604e-04,
       -1.1521839490430764e-02, -6.4269256051355630e-04,
       9.9993341486372456e-01 ]
T: !!opencv-matrix
   rows: 3
   cols: 1
   dt: d
   data: [ -4.9214207776854835e+01, 6.5653648829292269e-02,
       9.0550770376263245e-01 ]
