%YAML:1.0
size: [ 640, 480 ]
Ml: !!opencv-matrix
   rows: 3
   cols: 3
   dt: d
   data: [ 4.3950995653431744e+02, 0., 3.1396134375762347e+02, 0.,
       4.3851498847691130e+02, 2.5892699784781377e+02, 0., 0., 1. ]
dl: !!opencv-matrix
   rows: 1
   cols: 14
   dt: d
   data: [ -2.3303048594233085e+00, 7.1979126358752532e-01,
       7.0874076330884519e-04, -5.5113659467841873e-04,
       2.6096289355703139e-01, -1.9161530345728872e+00,
       -3.2881490718510598e-01, 7.7294002716391197e-01, 0., 0., 0., 0.,
       0., 0. ]
Mr: !!opencv-matrix
   rows: 3
   cols: 3
   dt: d
   data: [ 4.3831739734754410e+02, 0., 3.2655013106162920e+02, 0.,
       4.3730352220040709e+02, 2.4272142124288013e+02, 0., 0., 1. ]
dr: !!opencv-matrix
   rows: 1
   cols: 14
   dt: d
   data: [ -1.7413049608955166e+01, 7.4044588070479435e+01,
       -3.6263171520079646e-04, -2.3103604394558082e-04,
       1.5373922812347828e+01, -1.6997645437108215e+01,
       6.6728664618161289e+01, 4.7583803142041063e+01, 0., 0., 0., 0.,
       0., 0. ]
om: !!opencv-matrix
   rows: 3
   cols: 1
   dt: d
   data: [ -1.3037719569389077e-03, 1.1963930082982910e-02,
       2.5951703195283010e-04 ]
T: !!opencv-matrix
   rows: 3
   cols: 1
   dt: d
   data: [ -4.9445756271764445e+01, 7.3343644661809843e-02,
       5.9104599362771992e-01 ]
