%YAML:1.0
Ml: !!opencv-matrix
   rows: 3
   cols: 3
   dt: d
   data: [436.0053442006618, 0.0, 311.42079801552904, 0.0, 436.2878845629291, 255.38987021727723, 0.0, 0.0, 1.0]
dl: !!opencv-matrix
   rows: 1
   cols: 8
   dt: d
   data: [-0.40905254734330815, 0.2324241339231775, 0.0015986855628252847, 0.00019700049347579505, 0.0, 0.0, 0.0, 0.11053849720378023]
Mr: !!opencv-matrix
   rows: 3
   cols: 3
   dt: d
   data: [435.381612593249, 0.0, 326.94016314949914, 0.0, 435.5799864040935, 239.1865851444705, 0.0, 0.0, 1.0]
dr: !!opencv-matrix
   rows: 1
   cols: 8
   dt: d
   data: [-0.4122531923692483, 0.24129359538679326, 0.000583235691570116, -0.00041195605643224234, 0.0, 0.0, 0.0, 0.1217021921655501]
R: !!opencv-matrix
   rows: 3
   cols: 3
   dt: d
   data: [0.9999683343809588, -0.0002444434708856753, 0.007954274496179043, 0.0002185429094485721, 0.9999946724462838, 0.0032568877853429976, -0.007955028244308927, -0.0032550463036841774, 0.9999630604173302]
T: !!opencv-matrix
   rows: 3
   cols: 1
   dt: d
   data: [-50.75442562939439, 0.007792527847224652, 0.8247299117878693]
